821708052
988844942
942498586
984539606
991085742
916833490
952473409
961070880
993869961
887066922
931983202
925085421
929215761
997939794
987871202
932752565
996921492
936758975
927593556
928156761
932709457
936882986
922869200
992852844
888629912
924312688
920653146
924420863
832349992
912587576
976854004
929291905
999556132
933885283
997427831
927223929
911781298
923567496
933607976
921444052
935229936
977550084
934928288
933439895
933164136
932271249
932896834
925024511
833493442
952154648
918309225
945871563
930376485
988400106
993964743
979793952
931265318
914941970
935281873
924800461
918626875
933282538
935777437
967375128
931710249
935422159
922635099
914935725
994916971
826034092
934610814
921605196
976532503
925747386
931416251
914004233
915597173
932754827
916357923
826907932
820797612
926590510
931044419
919680679
929612426
950274921
984659318
980843505
928407993
968712233
934531337
921381018
934802640
921429541
929450604
889210672
986689222
996744485
936350488
926432478
929578422
966308230
825140662
914280842
980342190
992007141
923122672
934628527
926809490
997090632
990693145
994314866
989924958
930727040
929369610
935389836
811102822
917238995
925903027
825747532
913301439
989524879
925719706
979964633
920922813
987884185
991940111
914409594
935698960
995003430
915994296
889237392
980318281
947122274
984184476
827968102
926202499
988950424
928237362
911599376
989163728
834076802
935198364
912804909
921284551
976320379
989081365
923834532
954195589
919637226
913858689
912082571
997549856
936233171
976579526
886761562
935261457
925603554
819192782
928442071
997583302
934657020
929723384
914217989
933141861
995416085
932328267
932257521
930111279
928878708
983858635
934907914
918189432
993160385
933068811
885349552
930090808
927173751
922372969
925075302
927902362
915364675
987092599
933425347
917410992
913130413
917633916
934751744
994307681
963490313
977127599
912429504
923535136
932235943
958307586
925544884
926318330
931068954
926909169
918381341
821379202
823220022
966768673
820673662
916483007
985147469
981407814
964702586
919838442
913624572
971592982
927064138
929744934
931373307
991622578
925199869
932281732
890128572
918314997
920309798
922107564
928919781
919732342
934070607
931545493
940887836
966671300
921765088
897952122
932465558
922619301
911593521
927055759
990340951
927492318
921675321
998021448
992544864
913697952
974376598
934920430
929186850
989060201
931603434
927839857
989042580
933564290
919810548
920993281
922557632
936711502
912019799
936529984
914859360
930972754
984769830
989209353
992617381
813632772
936264611
977368154
926086979
991483314
933372014
998070503
835314952
918164693
927957752
986298851
934583485
930175412
826286822
926725548
935768675
917913854
984255977
935764866
989265911
979978375
988034444
911932997
913855191
989704494
936107494
994392824
932242362
821426162
913778219
991980741
932006383
915811388
994383728
918484981
935114314
966074035
933287211
937922094
931119435
934566319
918850317
990787999
935839599
989175858
811729582
917604797
935249503
989078305
934951999
930069280
926610031
912895467
919627433
921782683
974465795
919863854
825499962
930909025
929081641
935514711
927207516
876491362
911756277
929363442
923784446
935380189
911596016
933909654
912577015
922159963
932809559
925239127
914812089
921693575
929188292
918830367
911879166
996534162
835906612
924457597
933104605
919173041
834375362
984315155
990390207
917095493
931878409
889091592
932068990
932402920
980042480
926154176
928899446
992900555
994709410
933911950
891852282
934047575
911696673
819895252
994506609
989783637
989023322
928316785
984653794
820838432
929566718
927610949
922582181
935000858
871340072
917518270
930081213
927105810
967790672
985242291
920227643
951694355
988713562
927858258
983253393
915637833
992237953
985873526
829480972
917124086
925822175
926820036
821889472
925580309
986960007
918430431
921368569
997726472
983762530
990584494
994679872
918125906
990978654
925614637
980402347
934672003
933140555
987284560
934318005
933164454
927202190
923591893
930777188
988987204
920182178
918175016
920897797
813600862
813023482
925539341
983231438
922675856
985849447
934412834
819759162
925559393
930814121
935321174
989269038
928789527
889037342
928133575
921389752
915607187
999190383
928846458
934153847
921129688
925434264
990011427
929065115
926569112
998290902
816037522
930119075
982788870
925040495
927089491
916693265
914790484
812980262
990574073
912683494
936623328
977127157
991414045
995778084
930733059
988909556
934656377
930652202
926817876
936703348
978676464
891190212
987878541
976037774
935266556
914398665
989073184
988884804
943956332
918529128
866476942
990730741
999177271
999514391
933456234
918305750
927522225
920742270
987592559
932539322
986366407
930051047
975898660
924436700
926001035
963381492
933499308
912618269
819874352
974481154
927550881
935675200
916010931
911611236
932919214
922997888
935666627
993478415
989029185
918330844
918001662
998585325
920612350
934221346
926381636
926673521
916034903
996241203
979478550
825792872
897800772
918129847
990623910
998354897
931033638
918558586
934543017
933942597
956153557
926055836
989156640
926019376
980247503
987800534
928490009
931129244
988818593
926079131
997948246
929530985
929408586
914355354
959116059
977031648
997073320
934038878
912808629
918636803
918533281
925903906
925747599
825320962
981237803
922431078
935112613
935417678
927671824
929289870
989130226
933189643
988412791
992119500
995003317
919002085
925832944
977219787
931124293
923084401
931735942
999327109
929336283
926320599
957895123
918684700
916080441
997411986
935302048
935822653
985344094
917760438
925513288
986549110
989249959
929608976
915061265
835464482
852188502
915264190
927238519
931794604
927774534
899327942
916501447
927100924
931616234
931925792
931856154
935295009
927376318
918392017
925620580
812972642
989545159
928079058
979655754
994674226
988884723
918138897
934344359
946240702
983033903
934217748
925470147
997192206
989026860
920333222
924026146
821985722
990585482
914083400
985627193
929836928
976150805
935472490
928706346
917710813
927145944
960209710
920938337
935167000
913459970
994285874
933674959
921955995
934472071
929155750
825291342
996592022
989100084
925220027
975959171
999659098
976779975
916212267
926035282
926644491
920335756
926970364
922905940
948468999
986912754
917145768
832002402
914773660
990652902
927250241
943315329
939064338
933808726
991346430
996124223
934057244
923094687
933019683
925891932
999052770
990730938
914045916
930898139
995756005
919526319
998571022
825758062
997080556
999564259
925140686
932129892
977165881
999323790
888131442
932329263
916505450
917396558
989187325
925884499
985058393
921129157
914824532
984005776
929179226
913753801
827426962
918616209
967018848
922956731
822583652
831615982
914450381
917569908
997299876
922936552
982211786
921863764
915294928
924648007
928033015
996319016
925797472
934971752
936225837
926674420
959384061
986975152
925706612
999209734
935801575
917144761
991212299
998175992
971521767
936139418
913468120
913703480
997776658
922950903
947429655
928786471
920503527
922177694
924004150
935285127
960189809
926969889
961284252
921227353
928822400
929476328
915249299
929998898
932240823
922104883
919897767
991418946
988534145
983992684
992841052
893385762
916643373
920035027
843427812
925747408
924412690
915692966
926848925
941409180
924516437
994702254
935153220
931162004
929450256
921140290
924724188
928714969
935659590
933729508
926382896
918928405
834151782
919898275
895087262
933064263
982232236
996282031
999544665
916006500
927794039
932609630
990059764
920443176
976463129
912543471
983777619
932962365
930518069
928240452
926279114
925852201
933668746
988964247
918286357
915360882
950762365
935519101
989893572
931228951
930886025
913850181
913379608
924058374
926861387
912384314
934386485
929522966
979528442
926171887
933647366
991101098
919061103
915042864
974533065
930729515
918301623
935354293
913987446
991801677
976485750
913283449
965035524
980707814
990274371
993396486
986273018
983614159
921638345
980729923
971589183
954238415
911371626
976887522
925769711
999269648
815950712
930144584
995956284
816667232
937982844
921896328
983599060
982699614
986923993
987733748
920415040
970964932
981881524
993909262
813855372
912894258
997963598
917632693
975955885
924346884
991238271
981313038
961393183
934432061
918720944
921244541
995118777
921351968
987655208
995721635
963772459
991295070
975265412
999645682
968467530
852190582
898507092
911708515
992695706
929086945
971037296
915273513
928173801
917274975
986376496
971037202
963178832
943771030
914280060
997410815
998189616
965508384
995277727
994795864
989568116
957329330
979904789
944420649
999326536
974235390
992211393
978693075
979662157
882137902
994835866
871426902
976679334
982831962
997275322
976814630
913509838
997417666
980599299
916036930
875498592
996341275
913355563
987873159
940758629
996822222
932383357
919565888
988469246
966610034
987346132
929122119
976129067
911177870
929496027
898362752
966597879
997628926
921511213
971436050
920016049
984430299
993940178
972415790
948673304
987620552
933100936
966786094
980396800
916493436
986599851
977203287
917983615
929477545
990457158
995369664
940229294
882348202
915237649
945288507
984040008
988664154
988962651
965454411
884279682
989941054
913324005
921261128
957693660
988982229
996347346
987919043
921985878
919307196
977103487
913901800
962178278
983493289
976037790
977549833
913020529
999530370
959682585
987739924
918744150
913530853
937578881
991763961
941556809
882319652
912891542
964482055
914596890
985729220
983974937
935414601
913642457
985451109
916258933
918319034
985702217
920434622
986483136
920966543
961165377
982793068
997494245
855898012
920379710
923008632
994500155
915639178
910051784
974692856
989995766
911600714
913705998
936552900
858097002
990141940
982601894
989166514
963064853
943612226
945280700
927514907
914764750
